xof 0303txt 0032
template XSkinMeshHeader {
 <3cf169ce-ff7c-44ab-93c0-f78f62d172e2>
 WORD nMaxSkinWeightsPerVertex;
 WORD nMaxSkinWeightsPerFace;
 WORD nBones;
}

template VertexDuplicationIndices {
 <b8d65549-d7c9-4995-89cf-53a9a8b031e3>
 DWORD nIndices;
 DWORD nOriginalVertices;
 array DWORD indices[nIndices];
}

template SkinWeights {
 <6f0d123b-bad2-4167-a0d0-80224f25fabb>
 STRING transformNodeName;
 DWORD nWeights;
 array DWORD vertexIndices[nWeights];
 array FLOAT weights[nWeights];
 Matrix4x4 matrixOffset;
}

template AnimTicksPerSecond {
 <9e415a43-7ba6-4a73-8743-b73d47e88476>
 DWORD AnimTicksPerSecond;
}

template VertexElement {
 <f752461c-1e23-48f6-b9f8-8350850f336f>
 DWORD Type;
 DWORD Method;
 DWORD Usage;
 DWORD UsageIndex;
}

template DeclData {
 <bf22e553-292c-4781-9fea-62bd554bdd93>
 DWORD nElements;
 array VertexElement Elements[nElements];
 DWORD nDWords;
 array DWORD data[nDWords];
}


AnimTicksPerSecond {
 4800;
}

Frame Dummy01 {
 

 FrameTransformMatrix {
  1.000000,0.000000,0.000000,0.000000,0.000000,-0.000000,-1.000000,0.000000,0.000000,1.000000,-0.000000,0.000000,0.000000,0.000000,0.000000,1.000000;;
 }

 Frame Bip01 {
  

  FrameTransformMatrix {
   0.203206,-0.029350,0.978696,0.000000,0.026257,-0.999028,-0.035411,0.000000,0.978784,0.032894,-0.202238,0.000000,-0.005633,-0.152345,0.078784,1.000000;;
  }

  Frame Bip01_Pelvis {
   

   FrameTransformMatrix {
    -0.167480,0.984690,-0.048326,0.000000,-0.064562,0.037958,0.997192,0.000000,0.983759,0.170129,0.057216,0.000000,0.000000,0.000000,0.000000,1.000000;;
   }

   Frame Bip01_Spine {
    

    FrameTransformMatrix {
     0.984600,-0.132643,0.113876,0.000000,0.122804,0.988388,0.089486,0.000000,-0.124423,-0.074123,0.989457,0.000000,0.050853,0.001966,0.008700,1.000000;;
    }

    Frame Bip01_Spine1 {
     

     FrameTransformMatrix {
      0.979309,-0.197212,-0.045395,0.000000,0.201763,0.968838,0.143678,0.000000,0.015645,-0.149864,0.988583,0.000000,0.106479,0.000013,-0.000084,1.000000;;
     }

     Frame Bip01_Neck {
      

      FrameTransformMatrix {
       0.991186,0.000000,0.132476,0.000000,-0.000000,1.000000,-0.000000,0.000000,-0.132476,-0.000000,0.991186,0.000000,0.130508,0.000000,0.004625,1.000000;;
      }

      Frame Bip01_Head {
       

       FrameTransformMatrix {
        0.922099,0.201276,-0.330485,0.000000,0.030005,0.814308,0.579657,0.000000,0.385788,-0.544417,0.744834,0.000000,0.033674,-0.000000,0.000000,1.000000;;
       }

       Frame Bip01_HeadNub {
        

        FrameTransformMatrix {
         1.000000,-0.000000,-0.000000,0.000000,-0.000000,1.000000,0.000000,0.000000,0.000000,0.000000,1.000000,0.000000,0.169824,-0.000000,0.000000,1.000000;;
        }
       }
      }

      Frame Bip01_L_Clavicle {
       

       FrameTransformMatrix {
        0.038270,0.997146,0.065073,0.000000,0.990385,-0.029186,-0.135227,0.000000,-0.132942,0.069622,-0.988675,0.000000,-0.024429,0.015715,-0.001402,1.000000;;
       }

       Frame Bip01_L_UpperArm {
        

        FrameTransformMatrix {
         0.784209,-0.424883,0.452207,0.000000,0.586022,0.267608,-0.764830,0.000000,0.203949,0.864789,0.458851,0.000000,0.087086,0.000000,-0.000000,1.000000;;
        }

        Frame Bip01_L_Forearm {
         

         FrameTransformMatrix {
          -0.823371,0.000000,-0.567503,0.000000,-0.000000,1.000000,0.000000,0.000000,0.567503,0.000000,-0.823371,0.000000,0.137062,-0.000000,0.000000,1.000000;;
         }

         Frame Bip01_L_Hand {
          

          FrameTransformMatrix {
           0.991182,-0.069902,0.112572,0.000000,-0.124882,-0.208703,0.969973,0.000000,-0.044309,-0.975478,-0.215592,0.000000,0.137062,-0.000000,0.000000,1.000000;;
          }

          Frame Bip01_L_Finger0 {
           

           FrameTransformMatrix {
            0.829256,-0.514255,0.218807,0.000000,0.558537,0.749101,-0.356210,0.000000,0.019274,0.417601,0.908427,0.000000,0.057681,-0.023605,-0.000272,1.000000;;
           }

           Frame Bip01_L_Finger0Nub {
            

            FrameTransformMatrix {
             1.000000,0.000000,-0.000000,0.000000,-0.000000,1.000000,-0.000000,0.000000,0.000000,0.000000,1.000000,0.000000,0.029435,-0.000000,0.000000,1.000000;;
            }
           }
          }

          Frame Bip01_L_Finger1 {
           

           FrameTransformMatrix {
            0.989590,-0.000115,0.143914,0.000000,0.000000,1.000000,0.000796,0.000000,-0.143914,-0.000788,0.989590,0.000000,0.084102,-0.000000,0.000000,1.000000;;
           }

           Frame Bip01_L_Finger1Nub {
            

            FrameTransformMatrix {
             1.000000,-0.000000,0.000000,0.000000,-0.000000,1.000000,0.000000,0.000000,0.000000,0.000000,1.000000,0.000000,0.047988,0.000000,0.000000,1.000000;;
            }
           }
          }
         }
        }
       }
      }

      Frame Bip01_R_Clavicle {
       

       FrameTransformMatrix {
        -0.046058,-0.938378,-0.342528,0.000000,-0.991081,0.000000,0.133265,0.000000,-0.125053,0.345610,-0.930008,0.000000,-0.024429,-0.015715,-0.001401,1.000000;;
       }

       Frame Bip01_R_UpperArm {
        

        FrameTransformMatrix {
         0.987535,-0.050607,-0.149042,0.000000,0.115072,0.878192,0.464260,0.000000,0.107393,-0.475623,0.873069,0.000000,0.087086,-0.000000,0.000000,1.000000;;
        }

        Frame Bip01_R_Forearm {
         

         FrameTransformMatrix {
          0.984733,0.000000,-0.174071,0.000000,0.000000,1.000000,0.000000,0.000000,0.174071,-0.000000,0.984733,0.000000,0.137062,0.000000,-0.000000,1.000000;;
         }

         Frame Bip01_R_Hand {
          

          FrameTransformMatrix {
           0.998593,0.051360,0.013195,0.000000,-0.007586,0.384627,-0.923041,0.000000,-0.052483,0.921642,0.384475,0.000000,0.137062,0.000000,0.000000,1.000000;;
          }

          Frame Bip01_R_Finger0 {
           

           FrameTransformMatrix {
            0.829256,0.514255,0.218807,0.000000,-0.558537,0.749101,0.356210,0.000000,0.019274,-0.417601,0.908427,0.000000,0.057681,0.023605,-0.000272,1.000000;;
           }

           Frame Bip01_R_Finger0Nub {
            

            FrameTransformMatrix {
             -1.000000,-0.000000,-0.000000,0.000000,0.000000,1.000000,0.000000,0.000000,0.000000,0.000000,-1.000000,0.000000,0.029435,-0.000000,0.000000,1.000000;;
            }
           }
          }

          Frame Bip01_R_Finger1 {
           

           FrameTransformMatrix {
            0.989590,0.000115,0.143914,0.000000,-0.000000,1.000000,-0.000796,0.000000,-0.143914,0.000788,0.989590,0.000000,0.084102,0.000000,0.000000,1.000000;;
           }

           Frame Bip01_R_Finger1Nub {
            

            FrameTransformMatrix {
             -1.000000,-0.000000,0.000000,0.000000,0.000000,1.000000,0.000000,0.000000,-0.000000,0.000000,-1.000000,0.000000,0.047988,0.000000,0.000000,1.000000;;
            }
           }
          }
         }
        }
       }
      }
     }

     Frame Bip01_BackPack {
      

      FrameTransformMatrix {
       0.081023,-0.088037,-0.992817,0.000000,-0.064786,0.993520,-0.093387,0.000000,0.994605,0.071888,0.074794,0.000000,0.041174,-0.003810,-0.088357,1.000000;;
      }

      Frame Bip01_BackPackNub {
       

       FrameTransformMatrix {
        0.000796,0.000003,1.000000,0.000000,0.000000,-1.000000,0.000003,0.000000,1.000000,-0.000000,-0.000796,0.000000,0.053240,0.000000,0.000000,1.000000;;
       }
      }
     }
    }

    Frame Bip01_L_Thigh {
     

     FrameTransformMatrix {
      -0.988392,-0.133134,0.073193,0.000000,0.105369,-0.947770,-0.301049,0.000000,0.109450,-0.289842,0.950796,0.000000,-0.058126,0.045617,-0.006229,1.000000;;
     }

     Frame Bip01_L_Calf {
      

      FrameTransformMatrix {
       0.949869,-0.000000,-0.312649,0.000000,0.000000,1.000000,0.000000,0.000000,0.312649,0.000000,0.949869,0.000000,0.237500,0.000000,0.000000,1.000000;;
      }

      Frame Bip01_L_Foot {
       

       FrameTransformMatrix {
        0.989477,-0.141632,-0.029585,0.000000,0.133715,0.973223,-0.186966,0.000000,0.055273,0.181042,0.981921,0.000000,0.206841,-0.000000,0.000000,1.000000;;
       }

       Frame Bip01_L_Toe0 {
        

        FrameTransformMatrix {
         -0.772974,-0.000047,0.634438,0.000000,-0.000038,1.000000,0.000029,0.000000,-0.634438,-0.000002,-0.772974,0.000000,0.065373,0.000000,0.066450,1.000000;;
        }

        Frame Bip01_L_Toe0Nub {
         

         FrameTransformMatrix {
          -1.000000,-0.000000,-0.000000,0.000000,-0.000000,1.000000,0.000000,0.000000,-0.000000,0.000000,-1.000000,0.000000,0.006735,0.000000,0.000000,1.000000;;
         }
        }
       }
      }
     }
    }

    Frame Bip01_R_Thigh {
     

     FrameTransformMatrix {
      -0.955651,-0.243475,-0.165683,0.000000,0.293496,-0.833820,-0.467552,0.000000,-0.024313,-0.495444,0.868300,0.000000,-0.043475,-0.063551,0.001958,1.000000;;
     }

     Frame Bip01_R_Calf {
      

      FrameTransformMatrix {
       0.998947,0.000000,-0.045874,0.000000,-0.000000,1.000000,0.000000,0.000000,0.045874,0.000000,0.998947,0.000000,0.237500,-0.000000,0.000000,1.000000;;
      }

      Frame Bip01_R_Foot {
       

       FrameTransformMatrix {
        0.996829,-0.000717,-0.079569,0.000000,-0.022851,0.955259,-0.294886,0.000000,0.076221,0.295769,0.952214,0.000000,0.206841,0.000000,0.000000,1.000000;;
       }

       Frame Bip01_R_Toe0 {
        

        FrameTransformMatrix {
         0.071574,-0.656826,0.750637,0.000000,0.137188,0.751898,0.644849,0.000000,-0.987956,0.056824,0.143925,0.000000,0.065373,0.000000,0.066450,1.000000;;
        }

        Frame Bip01_R_Toe0Nub {
         

         FrameTransformMatrix {
          1.000000,0.000000,0.000000,0.000000,0.000000,1.000000,0.000000,0.000000,0.000000,0.000000,1.000000,0.000000,0.006735,0.000000,0.000000,1.000000;;
         }
        }
       }
      }
     }
    }
   }

   Frame Bip01_DressFront {
    

    FrameTransformMatrix {
     -0.931377,-0.086055,-0.353740,0.000000,-0.084016,0.996240,-0.021149,0.000000,0.354229,0.010022,-0.935105,0.000000,-0.044053,0.001398,0.061078,1.000000;;
    }

    Frame Bip01_DressFront02 {
     

     FrameTransformMatrix {
      0.946169,0.038599,0.321363,0.000000,-0.067092,0.994688,0.078063,0.000000,-0.316643,-0.095421,0.943733,0.000000,0.183366,0.000013,-0.000124,1.000000;;
     }

     Frame Bip01_DressFrontNub {
      

      FrameTransformMatrix {
       0.000796,0.000003,1.000000,0.000000,-0.000000,-1.000000,0.000003,0.000000,1.000000,-0.000000,-0.000796,0.000000,0.165302,0.000000,0.000000,1.000000;;
      }
     }
    }
   }

   Frame Bip01_DressBack {
    

    FrameTransformMatrix {
     -0.967165,0.002306,-0.254140,0.000000,0.005315,0.999924,-0.011154,0.000000,0.254095,-0.012138,-0.967103,0.000000,-0.047768,0.000002,-0.078284,1.000000;;
    }

    Frame Bip01_DressBack02 {
     

     FrameTransformMatrix {
      0.996483,-0.000000,-0.083799,0.000000,0.000000,1.000000,0.000000,0.000000,0.083799,0.000000,0.996483,0.000000,0.176150,-0.000000,-0.000108,1.000000;;
     }

     Frame Bip01_DressBackNub {
      

      FrameTransformMatrix {
       0.000796,0.000003,1.000000,0.000000,-0.000000,-1.000000,0.000003,0.000000,1.000000,-0.000000,-0.000796,0.000000,0.136508,0.000000,0.000000,1.000000;;
      }
     }
    }
   }
  }

  Frame Bip01_Prop1 {
   

   FrameTransformMatrix {
    0.241971,0.418247,-0.875511,0.000000,0.113544,0.883920,0.453645,0.000000,0.963617,-0.209178,0.166394,0.000000,-0.129091,0.117905,-0.385540,1.000000;;
   }
  }

  Frame Bip01_Prop2 {
   

   FrameTransformMatrix {
    1.000000,-0.000000,0.000000,0.000000,-0.000000,1.000000,-0.000000,0.000000,-0.000000,-0.000000,1.000000,0.000000,0.037708,0.226317,0.062474,1.000000;;
   }
  }
 }
}

Frame Translation_Data {
 

 FrameTransformMatrix {
  1.000000,0.000000,0.000000,0.000000,0.000000,-0.000000,-1.000000,0.000000,0.000000,1.000000,-0.000000,0.000000,0.000000,-0.000000,0.000000,1.000000;;
 }
}

Frame Body {
 

 FrameTransformMatrix {
  1.000000,0.000000,0.000000,0.000000,0.000000,1.000000,0.000000,0.000000,0.000000,0.000000,1.000000,0.000000,0.000000,0.000000,0.000000,1.000000;;
 }

 Mesh Body {
  617;
  0.003361;0.092613;0.441646;,
  -0.039177;0.077443;0.441286;,
  -0.023535;0.095969;0.417468;,
  0.021487;0.097232;0.427027;,
  0.034622;0.096376;0.409193;,
  -0.005006;0.115435;0.393047;,
  0.023166;0.121667;0.365163;,
  0.054873;0.087189;0.375101;,
  -0.046311;0.038265;0.456158;,
  -0.006521;0.047639;0.458883;,
  0.005865;0.014935;0.451179;,
  -0.023589;0.008806;0.440826;,
  0.061908;0.010738;0.193403;,
  0.015998;-0.000384;0.183860;,
  0.019187;0.004583;0.200017;,
  0.056937;0.016629;0.207461;,
  0.065599;0.070937;0.218085;,
  0.074123;0.051610;0.186346;,
  0.046685;0.107886;0.218274;,
  0.044466;0.106202;0.161778;,
  0.068080;0.088730;0.168887;,
  -0.043872;0.120599;0.380872;,
  -0.026922;0.134321;0.348679;,
  -0.024215;0.011828;0.179583;,
  -0.022037;0.015893;0.196631;,
  0.022401;0.000731;0.311182;,
  -0.027914;0.003577;0.299022;,
  -0.036827;-0.005878;0.334435;,
  0.016619;-0.007042;0.353907;,
  0.047857;0.111229;0.118297;,
  0.050882;0.125172;0.019562;,
  0.091874;0.101654;0.014851;,
  0.083516;0.076470;0.112520;,
  0.051495;0.139442;-0.076228;,
  0.085219;0.098889;-0.078813;,
  -0.001456;0.084058;0.114028;,
  -0.007864;0.024336;0.078567;,
  0.021647;0.020974;0.005273;,
  0.006471;0.094798;0.014827;,
  0.036248;0.054421;-0.079751;,
  0.028553;0.095862;-0.080971;,
  0.079202;0.020608;0.085947;,
  0.099775;0.037763;0.007723;,
  0.076613;0.059222;-0.076265;,
  0.104952;0.045196;-0.344390;,
  0.061971;0.034085;-0.351750;,
  0.080156;-0.009506;-0.339401;,
  0.112809;0.001588;-0.334329;,
  0.057661;0.109772;-0.133972;,
  0.059727;0.098013;-0.207104;,
  0.091958;0.072795;-0.204675;,
  0.092054;0.084811;-0.130935;,
  0.063036;0.083456;-0.286942;,
  0.087027;0.059317;-0.281764;,
  0.019849;0.079480;-0.150004;,
  0.026523;0.028639;-0.128156;,
  0.034777;0.029068;-0.193504;,
  0.033194;0.069647;-0.207105;,
  0.057936;0.032207;-0.269908;,
  0.053268;0.052081;-0.293212;,
  0.097752;0.037160;-0.119046;,
  0.096466;0.036159;-0.193575;,
  0.080846;0.037470;-0.263560;,
  0.080261;0.050556;0.157054;,
  0.008445;0.129810;0.156451;,
  0.006713;0.123095;0.119871;,
  -0.001456;0.084058;0.114028;,
  0.068074;-0.000275;0.141200;,
  0.013667;-0.009415;0.135017;,
  0.073440;0.013943;0.096220;,
  0.024206;-0.001163;0.094778;,
  0.026881;0.009821;0.261176;,
  0.054992;0.014233;0.319460;,
  0.066530;0.029077;0.329090;,
  0.065438;0.082537;0.337306;,
  0.061518;0.079711;0.278655;,
  0.061466;0.029248;0.270890;,
  0.037249;0.122590;0.331310;,
  0.044896;0.112711;0.274569;,
  -0.011945;0.135870;0.319809;,
  -0.000328;0.126213;0.261708;,
  0.074638;0.087288;0.428026;,
  0.042322;0.052368;0.402890;,
  0.122106;0.069633;0.428012;,
  0.097659;0.027458;0.393174;,
  0.140665;-0.003270;0.414998;,
  0.162344;0.031974;0.440112;,
  0.042963;0.012395;0.448863;,
  0.088301;-0.010992;0.446084;,
  0.097659;0.027458;0.393174;,
  0.153147;-0.021492;0.420160;,
  0.140665;-0.003270;0.414998;,
  0.044594;0.014201;0.459931;,
  0.065717;0.048140;0.480337;,
  0.112515;0.031336;0.481096;,
  0.174966;0.013706;0.444913;,
  0.072941;0.075988;0.455696;,
  0.136856;0.041704;0.457152;,
  0.106699;0.001392;0.429478;,
  0.076491;0.048452;0.405926;,
  0.096992;0.072307;0.424847;,
  0.055966;0.078944;0.386947;,
  0.066754;0.099775;0.395564;,
  0.106699;0.001392;0.429478;,
  0.149902;-0.001369;0.385216;,
  0.119125;0.053730;0.368131;,
  0.076491;0.048452;0.405926;,
  0.084058;0.082574;0.359576;,
  0.055966;0.078944;0.386947;,
  0.179609;0.038807;0.412851;,
  0.134778;0.071809;0.383038;,
  0.091090;0.100239;0.366723;,
  -0.022718;0.171247;0.327969;,
  -0.024854;0.149730;0.332013;,
  0.006561;0.130257;0.301149;,
  0.008364;0.151593;0.297593;,
  -0.012738;0.135466;0.370526;,
  -0.011819;0.142027;0.361475;,
  -0.004971;0.149509;0.365740;,
  -0.009523;0.143358;0.378494;,
  0.053189;0.087528;0.339317;,
  0.039005;0.116643;0.320689;,
  0.018356;0.127645;0.367995;,
  0.024860;0.095451;0.379403;,
  0.075874;0.116691;0.347460;,
  0.044680;0.135769;0.320377;,
  0.047373;0.125229;0.390087;,
  0.025483;0.146160;0.366296;,
  0.020846;0.044685;0.472541;,
  0.023092;0.073935;0.478316;,
  -0.006521;0.047639;0.458883;,
  -0.006457;0.069978;0.457718;,
  0.051362;0.006348;0.370332;,
  -0.034170;0.064111;0.456062;,
  0.026113;0.096528;0.460351;,
  0.003361;0.092613;0.441646;,
  0.021487;0.097232;0.427027;,
  0.041112;0.091615;0.430760;,
  0.038024;0.010237;0.422378;,
  0.004759;-0.004468;0.393321;,
  0.038873;0.013715;0.428247;,
  -0.047574;-0.003840;0.368040;,
  -0.065748;0.017675;0.421084;,
  0.005865;0.014935;0.451179;,
  0.038873;0.013715;0.428247;,
  0.036993;0.068967;0.403338;,
  0.043557;0.023913;0.421122;,
  0.042322;0.052368;0.402890;,
  0.056551;0.038218;0.371424;,
  0.053382;0.073344;0.369961;,
  0.034622;0.096376;0.409193;,
  0.059631;0.021729;0.374011;,
  0.024860;0.095451;0.379403;,
  -0.048509;0.046251;0.475060;,
  -0.045205;0.067879;0.478604;,
  -0.074340;0.035492;0.447581;,
  -0.069843;0.032939;0.467891;,
  0.025483;0.146160;0.366296;,
  -0.022718;0.171247;0.327969;,
  0.008364;0.151593;0.297593;,
  -0.003979;0.118014;0.374642;,
  0.007818;0.137770;0.386537;,
  -0.003979;0.118014;0.374642;,
  0.001634;0.128947;0.361767;,
  0.020804;0.142538;0.369085;,
  0.020804;0.142538;0.369085;,
  -0.012738;0.135466;0.370526;,
  -0.009523;0.143358;0.378494;,
  -0.004971;0.149509;0.365740;,
  0.085368;0.122770;-0.341147;,
  0.046201;0.147340;-0.357746;,
  0.049432;0.151050;-0.377113;,
  0.093225;0.127235;-0.362809;,
  0.066648;0.005433;-0.310459;,
  0.080156;-0.009506;-0.339401;,
  0.061971;0.034085;-0.351750;,
  0.054688;0.040648;-0.328619;,
  0.057936;0.032207;-0.269908;,
  0.080846;0.037470;-0.263560;,
  0.104856;0.019418;-0.301539;,
  0.104952;0.045196;-0.344390;,
  0.112809;0.001588;-0.334329;,
  0.097927;0.054339;-0.311289;,
  0.063036;0.083456;-0.286942;,
  0.087027;0.059317;-0.281764;,
  0.019465;0.130434;-0.379761;,
  0.023874;0.128477;-0.362213;,
  0.093225;0.127235;-0.362809;,
  0.019465;0.130434;-0.379761;,
  0.006471;0.094798;0.014827;,
  0.028553;0.095862;-0.080971;,
  0.019849;0.079480;-0.150004;,
  0.033194;0.069647;-0.207105;,
  0.053268;0.052081;-0.293212;,
  0.053268;0.052081;-0.293212;,
  -0.005734;0.077754;0.097665;,
  -0.045822;0.099718;0.487946;,
  -0.063684;0.111501;0.486321;,
  -0.069214;0.107713;0.477315;,
  -0.055538;0.082816;0.474944;,
  -0.040168;0.070883;0.498653;,
  -0.035492;0.047352;0.501295;,
  -0.088094;0.048686;0.612583;,
  -0.104349;0.036734;0.611434;,
  -0.118990;0.062094;0.605631;,
  -0.097265;0.115101;0.564073;,
  -0.098376;0.097359;0.587879;,
  -0.114667;0.111706;0.559785;,
  -0.042230;0.090405;0.514542;,
  -0.063051;0.110508;0.507654;,
  -0.043066;0.088200;0.496230;,
  -0.034864;0.065870;0.543996;,
  -0.048657;0.080340;0.558224;,
  -0.056554;0.072413;0.593714;,
  -0.078753;0.089338;0.594625;,
  -0.067148;0.100353;0.558498;,
  -0.025565;0.026245;0.543894;,
  -0.027899;0.050587;0.543459;,
  -0.050557;-0.003436;0.531638;,
  -0.063247;-0.008896;0.578954;,
  -0.042631;0.017076;0.588356;,
  -0.063749;0.107267;0.537140;,
  -0.088450;0.119590;0.533224;,
  -0.077647;0.119580;0.498931;,
  -0.093581;0.129199;0.474302;,
  -0.114378;0.127415;0.467611;,
  -0.101839;0.111603;0.461311;,
  -0.098892;0.081719;0.602961;,
  -0.070951;0.062140;0.608285;,
  -0.041233;0.040728;0.593978;,
  -0.059101;0.034752;0.608362;,
  -0.082526;0.007211;0.604290;,
  -0.069801;0.018857;0.607436;,
  -0.053316;0.018392;0.498020;,
  -0.041233;0.040728;0.593978;,
  -0.059101;0.034752;0.608362;,
  -0.037860;0.093309;0.518936;,
  -0.021691;0.075789;0.543644;,
  -0.032567;0.073263;0.561779;,
  -0.039283;0.079632;0.543414;,
  -0.021691;0.075789;0.543644;,
  -0.037860;0.093309;0.518936;,
  -0.032567;0.073263;0.561779;,
  -0.048657;0.080340;0.558224;,
  -0.049617;0.093874;0.537028;,
  -0.042230;0.090405;0.514542;,
  -0.091044;0.112096;0.554020;,
  -0.049617;0.093874;0.537028;,
  -0.034170;0.064111;0.456062;,
  -0.045205;0.067879;0.478604;,
  -0.006457;0.069978;0.457718;,
  -0.040168;0.070883;0.498653;,
  -0.061218;0.099066;0.423781;,
  -0.052859;0.107279;0.402708;,
  0.005842;0.122727;0.215412;,
  -0.026636;0.002487;0.132344;,
  -0.023949;0.011819;0.099445;,
  -0.011017;0.006105;0.084897;,
  -0.081532;0.100541;0.456750;,
  -0.005734;0.077754;0.097665;,
  -0.069801;0.018857;0.607436;,
  -0.082526;0.007211;0.604290;,
  -0.099435;0.123115;0.505164;,
  -0.111891;0.116953;0.525868;,
  -0.110895;0.120481;0.516936;,
  -0.125209;0.074840;0.599402;,
  -0.130649;0.092370;0.581780;,
  -0.110009;0.106383;0.548854;,
  -0.018893;0.015941;0.251632;,
  -0.006457;0.069978;0.457718;,
  0.049432;0.151050;-0.377113;,
  -0.099106;0.124828;0.498786;,
  -0.109139;0.126899;0.496268;,
  -0.107659;0.122371;0.499932;,
  -0.130353;0.122412;0.523610;,
  -0.123996;0.117979;0.513578;,
  -0.111080;0.124666;0.504591;,
  -0.117372;0.116520;0.497101;,
  -0.120109;0.123342;0.492047;,
  -0.132068;0.108311;0.555497;,
  -0.128840;0.108446;0.545853;,
  0.043557;0.023913;0.421122;,
  -0.122456;0.121531;0.502328;,
  0.031219;0.051634;0.402895;,
  0.036993;0.068967;0.403338;,
  0.034622;0.096376;0.409193;,
  -0.027899;0.050587;0.543459;,
  0.057661;0.109772;-0.133972;,
  0.004895;0.097900;-0.114032;,
  0.009750;0.070519;-0.184743;,
  0.059727;0.098013;-0.207104;,
  0.051495;0.139442;-0.076228;,
  0.011746;0.123198;-0.066024;,
  0.050882;0.125172;0.019562;,
  0.003734;0.120367;0.026944;,
  0.047857;0.111229;0.118297;,
  0.004543;0.123536;0.114874;,
  0.044466;0.106202;0.161778;,
  0.006080;0.050383;-0.253071;,
  0.063036;0.083456;-0.286942;,
  0.038932;0.001028;-0.200879;,
  0.044642;-0.006736;-0.270467;,
  -0.020193;-0.007955;-0.288942;,
  -0.019517;-0.005322;-0.215481;,
  -0.016870;0.006200;-0.148127;,
  0.032388;0.015230;-0.128070;,
  -0.018444;0.004559;-0.088840;,
  0.032405;0.023662;-0.081408;,
  0.022174;0.006076;0.003961;,
  -0.015520;0.007608;0.004904;,
  -0.024152;0.010686;0.072098;,
  0.031219;0.051634;0.402895;,
  -0.127796;0.085970;0.391209;,
  -0.130585;0.092617;0.368915;,
  -0.085825;0.100200;0.394410;,
  -0.091715;0.081012;0.421837;,
  -0.124900;0.106546;0.349670;,
  -0.116128;0.104225;0.320479;,
  -0.078715;0.131817;0.332620;,
  -0.081603;0.120638;0.364693;,
  -0.100659;0.041957;0.436041;,
  -0.111305;0.014766;0.408357;,
  -0.135852;0.020028;0.396936;,
  -0.123334;0.039872;0.412114;,
  -0.098776;0.055112;0.192865;,
  -0.090837;0.055418;0.202741;,
  -0.063635;0.026323;0.197372;,
  -0.065022;0.021990;0.183589;,
  -0.071954;0.107044;0.213691;,
  -0.088241;0.096448;0.185803;,
  -0.037151;0.129892;0.215596;,
  -0.066775;0.124501;0.168064;,
  -0.034619;0.128043;0.161513;,
  -0.022037;0.015893;0.196631;,
  -0.024215;0.011828;0.179583;,
  -0.076776;0.014542;0.285795;,
  -0.090889;0.003669;0.319566;,
  -0.036827;-0.005878;0.334435;,
  -0.027914;0.003577;0.299022;,
  -0.071196;0.133230;0.112175;,
  -0.097099;0.091281;0.113689;,
  -0.118957;0.083387;0.015741;,
  -0.091637;0.122091;0.012423;,
  -0.114488;0.066054;-0.076713;,
  -0.100436;0.117165;-0.078760;,
  -0.024032;0.124352;0.106113;,
  -0.038710;0.112343;0.007831;,
  -0.021519;0.038434;0.011494;,
  -0.031201;0.030781;0.078489;,
  -0.061892;0.086217;-0.083919;,
  -0.051664;0.045178;-0.080399;,
  -0.099305;0.021782;0.019483;,
  -0.084495;0.039541;0.093339;,
  -0.090090;0.033382;-0.073415;,
  -0.124139;0.021076;-0.348106;,
  -0.093857;-0.012575;-0.344206;,
  -0.065605;0.006904;-0.350322;,
  -0.089750;0.048903;-0.356355;,
  -0.099770;0.090715;-0.132530;,
  -0.121096;0.053940;-0.129718;,
  -0.124684;0.048353;-0.204136;,
  -0.105365;0.084455;-0.206154;,
  -0.122133;0.041428;-0.282873;,
  -0.115495;0.074893;-0.286160;,
  -0.055215;0.079312;-0.154650;,
  -0.070047;0.069140;-0.211322;,
  -0.054100;0.030440;-0.202259;,
  -0.038975;0.028601;-0.138177;,
  -0.092626;0.061185;-0.295798;,
  -0.082441;0.034048;-0.275785;,
  -0.113234;0.012269;-0.196889;,
  -0.106341;0.007257;-0.122832;,
  -0.103840;0.025468;-0.267733;,
  -0.093868;0.098643;0.156471;,
  -0.024032;0.124352;0.106113;,
  -0.067352;0.012958;0.134746;,
  -0.109395;0.048735;0.140606;,
  -0.051249;0.023546;0.098059;,
  -0.090709;0.044913;0.100582;,
  -0.064262;0.026049;0.243812;,
  -0.104526;0.036448;0.278628;,
  -0.114870;0.054339;0.282656;,
  -0.091086;0.056411;0.241828;,
  -0.076410;0.104270;0.252379;,
  -0.103628;0.106082;0.294029;,
  -0.048999;0.129430;0.256682;,
  -0.066390;0.137023;0.304781;,
  -0.182185;0.076968;0.368729;,
  -0.231715;0.070415;0.360434;,
  -0.154047;0.055645;0.328119;,
  -0.283366;0.058082;0.339840;,
  -0.267600;0.041084;0.297133;,
  -0.211774;0.049523;0.307938;,
  -0.164261;-0.001763;0.345780;,
  -0.211774;0.049523;0.307938;,
  -0.212396;-0.011990;0.332045;,
  -0.267600;0.041084;0.297133;,
  -0.262187;-0.009027;0.318428;,
  -0.166376;-0.005821;0.356147;,
  -0.232096;0.008898;0.384765;,
  -0.183305;0.015265;0.391969;,
  -0.277921;0.007867;0.361014;,
  -0.184274;0.052674;0.386098;,
  -0.308671;0.062925;0.333193;,
  -0.360518;0.054406;0.304756;,
  -0.353477;0.040520;0.271514;,
  -0.293714;0.041668;0.281960;,
  -0.404792;0.044443;0.283340;,
  -0.392667;0.032518;0.262092;,
  -0.293714;0.041668;0.281960;,
  -0.353477;0.040520;0.271514;,
  -0.355073;-0.008862;0.300371;,
  -0.292608;-0.016434;0.305601;,
  -0.392667;0.032518;0.262092;,
  -0.398530;0.001987;0.285692;,
  -0.360179;0.002130;0.325810;,
  -0.307482;0.004538;0.356641;,
  -0.406626;0.009740;0.297791;,
  -0.515661;0.035845;0.211163;,
  -0.512273;0.000137;0.242603;,
  -0.494494;-0.010709;0.236488;,
  -0.497524;0.025258;0.204616;,
  -0.460189;0.045981;0.207814;,
  -0.460435;0.057173;0.211098;,
  -0.471838;0.051282;0.218614;,
  -0.470477;0.043181;0.211294;,
  -0.427822;-0.008111;0.268186;,
  -0.415765;0.027644;0.235807;,
  -0.448506;0.039281;0.237019;,
  -0.464528;-0.004059;0.262518;,
  -0.477729;0.007912;0.271493;,
  -0.439306;0.016896;0.294152;,
  -0.426183;0.055000;0.261319;,
  -0.461761;0.049805;0.247512;,
  -0.149937;0.023990;0.405151;,
  -0.163245;0.050765;0.404956;,
  -0.128267;0.062173;0.410612;,
  -0.123334;0.039872;0.412114;,
  -0.125586;0.023976;0.313810;,
  -0.106648;0.069034;0.429233;,
  -0.158846;0.073622;0.388810;,
  -0.152771;0.072238;0.358897;,
  -0.130585;0.092617;0.368915;,
  -0.127796;0.085970;0.391209;,
  -0.143808;0.018765;0.350575;,
  -0.147591;0.021792;0.354610;,
  -0.103391;0.002878;0.353287;,
  -0.047574;-0.003840;0.368040;,
  -0.065748;0.017675;0.421084;,
  -0.135852;0.020028;0.396936;,
  -0.147591;0.021792;0.354610;,
  -0.125289;0.073818;0.341462;,
  -0.154047;0.055645;0.328119;,
  -0.143813;0.029107;0.347391;,
  -0.114537;0.090073;0.316323;,
  -0.124432;0.056248;0.313614;,
  -0.124900;0.106546;0.349670;,
  -0.131446;0.040765;0.312976;,
  -0.415765;0.027644;0.235807;,
  -0.106906;0.053639;0.456434;,
  -0.094156;0.035717;0.458659;,
  -0.069843;0.032939;0.467891;,
  -0.074340;0.035492;0.447581;,
  -0.461761;0.049805;0.247512;,
  -0.515661;0.035845;0.211163;,
  -0.512273;0.000137;0.242603;,
  -0.447166;0.059950;0.225687;,
  -0.442475;0.038116;0.212564;,
  -0.442475;0.038116;0.212564;,
  -0.457290;0.035183;0.221982;,
  -0.458428;0.049618;0.241885;,
  -0.458428;0.049618;0.241885;,
  -0.460435;0.057173;0.211098;,
  -0.460189;0.045981;0.207814;,
  -0.471838;0.051282;0.218614;,
  -0.172447;0.083366;-0.334029;,
  -0.182936;0.081928;-0.354977;,
  -0.176060;0.132281;-0.365318;,
  -0.169236;0.130746;-0.346599;,
  -0.066091;0.023905;-0.319435;,
  -0.088093;0.056454;-0.332451;,
  -0.089750;0.048903;-0.356355;,
  -0.065605;0.006904;-0.350322;,
  -0.082441;0.034048;-0.275785;,
  -0.099636;0.001442;-0.309185;,
  -0.103840;0.025468;-0.267733;,
  -0.124139;0.021076;-0.348106;,
  -0.123663;0.029051;-0.313976;,
  -0.093857;-0.012575;-0.344206;,
  -0.115495;0.074893;-0.286160;,
  -0.122133;0.041428;-0.282873;,
  -0.141196;0.137305;-0.353313;,
  -0.141769;0.143625;-0.370370;,
  -0.141769;0.143625;-0.370370;,
  -0.182936;0.081928;-0.354977;,
  -0.038710;0.112343;0.007831;,
  -0.061892;0.086217;-0.083919;,
  -0.055215;0.079312;-0.154650;,
  -0.070047;0.069140;-0.211322;,
  -0.092626;0.061185;-0.295798;,
  -0.092626;0.061185;-0.295798;,
  -0.119928;0.051104;0.462462;,
  -0.103333;0.071786;0.457770;,
  -0.115161;0.077571;0.461515;,
  -0.123982;0.071945;0.465585;,
  -0.101901;0.030386;0.477424;,
  -0.084502;0.015202;0.484442;,
  -0.119724;0.027937;0.601707;,
  -0.104349;0.036734;0.611434;,
  -0.151775;0.079343;0.545328;,
  -0.141921;0.093827;0.550412;,
  -0.146991;0.065467;0.571161;,
  -0.132799;0.064753;0.483669;,
  -0.124897;0.036176;0.486115;,
  -0.114651;0.041239;0.471613;,
  -0.119338;0.010455;0.514948;,
  -0.133895;0.024423;0.528912;,
  -0.145582;0.048899;0.531526;,
  -0.148913;0.043314;0.570498;,
  -0.140640;0.017252;0.564799;,
  -0.108181;-0.002079;0.515852;,
  -0.088431;-0.014996;0.522275;,
  -0.050557;-0.003436;0.531638;,
  -0.095436;-0.017565;0.570198;,
  -0.063247;-0.008896;0.578954;,
  -0.142945;0.055313;0.509906;,
  -0.132357;0.083690;0.480117;,
  -0.144447;0.082856;0.513968;,
  -0.124924;0.108638;0.463524;,
  -0.140289;0.054562;0.588725;,
  -0.134211;0.020641;0.586532;,
  -0.114495;-0.001587;0.589313;,
  -0.118379;-0.009880;0.567450;,
  -0.097499;0.000688;0.597911;,
  -0.082526;0.007211;0.604290;,
  -0.053316;0.018392;0.498020;,
  -0.118379;-0.009880;0.567450;,
  -0.114495;-0.001587;0.589313;,
  -0.130582;0.032483;0.487051;,
  -0.129451;0.020482;0.512407;,
  -0.134169;0.006612;0.526840;,
  -0.131424;0.003803;0.505909;,
  -0.130582;0.032483;0.487051;,
  -0.131424;0.003803;0.505909;,
  -0.134169;0.006612;0.526840;,
  -0.133895;0.024423;0.528912;,
  -0.135668;0.037424;0.507436;,
  -0.124897;0.036176;0.486115;,
  -0.146577;0.075665;0.534923;,
  -0.135668;0.037424;0.507436;,
  -0.106906;0.053639;0.456434;,
  -0.106648;0.069034;0.429233;,
  -0.128267;0.062173;0.410612;,
  -0.101901;0.030386;0.477424;,
  -0.026636;0.002487;0.132344;,
  -0.023949;0.011819;0.099445;,
  -0.011017;0.006105;0.084897;,
  -0.005734;0.077754;0.097665;,
  -0.097499;0.000688;0.597911;,
  -0.082526;0.007211;0.604290;,
  -0.131769;0.101903;0.494045;,
  -0.131425;0.107013;0.509877;,
  -0.132113;0.103687;0.518914;,
  -0.133915;0.090701;0.540634;,
  -0.018893;0.015941;0.251632;,
  -0.128267;0.062173;0.410612;,
  -0.176060;0.132281;-0.365318;,
  -0.128196;0.114398;0.489715;,
  -0.130483;0.104244;0.487996;,
  -0.126418;0.110065;0.493481;,
  -0.129434;0.112626;0.498280;,
  -0.143813;0.029107;0.347391;,
  -0.121786;0.056917;0.342719;,
  -0.125289;0.073818;0.341462;,
  -0.124900;0.106546;0.349670;,
  -0.108181;-0.002079;0.515852;,
  -0.056766;0.110247;-0.114165;,
  -0.074722;0.089361;-0.184892;,
  -0.035017;0.075814;-0.180009;,
  -0.025850;0.099595;-0.108148;,
  -0.056026;0.129723;-0.069670;,
  -0.018042;0.121979;-0.060798;,
  -0.034570;0.136481;0.020703;,
  -0.009038;0.127919;0.026621;,
  -0.020682;0.148370;0.107923;,
  -0.000302;0.138833;0.111055;,
  0.008445;0.129810;0.156451;,
  -0.034619;0.128043;0.161513;,
  -0.086063;0.073556;-0.252990;,
  -0.042371;0.058989;-0.242499;,
  -0.052581;0.004933;-0.285297;,
  -0.103827;0.025472;-0.267734;,
  -0.113234;0.012269;-0.196889;,
  -0.048368;0.009170;-0.210168;,
  -0.106341;0.007257;-0.122832;,
  -0.042577;0.011909;-0.141192;,
  -0.034395;0.014748;-0.080283;,
  -0.090090;0.033382;-0.073415;,
  -0.099305;0.021782;0.019483;,
  -0.014868;0.022245;0.011854;,
  -0.023949;0.011819;0.099445;,
  -0.051249;0.023546;0.098059;,
  -0.121786;0.056917;0.342719;,
  -0.071196;0.133230;0.112175;,
  -0.091637;0.122091;0.012423;,
  -0.100436;0.117165;-0.078760;,
  -0.099770;0.090715;-0.132530;,
  -0.105365;0.084455;-0.206154;,
  -0.115495;0.074893;-0.286160;,
  0.099775;0.037763;0.007723;,
  0.024206;-0.001163;0.094778;,
  0.079202;0.020608;0.085947;,
  0.076613;0.059222;-0.076265;,
  0.097752;0.037160;-0.119046;,
  0.096466;0.036159;-0.193575;,
  0.080846;0.037470;-0.263560;,
  -0.084495;0.039541;0.093339;;
  916;
  3;0,2,1;,
  3;2,0,3;,
  3;4,6,5;,
  3;6,4,7;,
  3;8,10,9;,
  3;10,8,11;,
  3;12,14,13;,
  3;14,12,15;,
  3;16,12,17;,
  3;12,16,15;,
  3;18,20,19;,
  3;20,18,16;,
  3;5,22,21;,
  3;22,5,6;,
  3;13,24,23;,
  3;24,13,14;,
  3;25,27,26;,
  3;27,25,28;,
  3;29,31,30;,
  3;31,29,32;,
  3;31,33,30;,
  3;33,31,34;,
  3;35,37,36;,
  3;37,35,38;,
  3;38,39,37;,
  3;39,38,40;,
  3;36,42,41;,
  3;42,36,37;,
  3;37,43,42;,
  3;43,37,39;,
  3;41,31,32;,
  3;31,41,42;,
  3;42,34,31;,
  3;34,42,43;,
  3;44,46,45;,
  3;46,44,47;,
  3;48,50,49;,
  3;50,48,51;,
  3;49,53,52;,
  3;53,49,50;,
  3;54,56,55;,
  3;56,54,57;,
  3;57,58,56;,
  3;58,57,59;,
  3;55,61,60;,
  3;61,55,56;,
  3;56,62,61;,
  3;62,56,58;,
  3;60,50,51;,
  3;50,60,61;,
  3;61,53,50;,
  3;53,61,62;,
  3;32,20,63;,
  3;20,32,29;,
  3;64,66,65;,
  3;66,64,19;,
  3;13,67,12;,
  3;67,13,68;,
  3;68,69,67;,
  3;69,68,70;,
  3;70,41,69;,
  3;41,70,36;,
  3;48,34,51;,
  3;34,48,33;,
  3;51,43,60;,
  3;43,51,34;,
  3;43,55,60;,
  3;55,43,39;,
  3;39,54,55;,
  3;54,39,40;,
  3;12,63,17;,
  3;63,12,67;,
  3;67,32,63;,
  3;32,67,69;,
  3;69,41,32;,
  3;71,72,25;,
  3;73,75,74;,
  3;75,73,76;,
  3;75,77,74;,
  3;77,75,78;,
  3;79,78,80;,
  3;78,79,77;,
  3;81,83,82;,
  3;83,85,84;,
  3;85,83,86;,
  3;87,89,88;,
  3;89,90,88;,
  3;90,89,91;,
  3;92,94,93;,
  3;92,88,94;,
  3;92,87,88;,
  3;88,95,94;,
  3;95,88,90;,
  3;96,94,83;,
  3;94,86,83;,
  3;86,94,95;,
  3;97,99,98;,
  3;99,97,100;,
  3;100,101,99;,
  3;101,100,102;,
  3;103,105,104;,
  3;105,103,106;,
  3;106,107,105;,
  3;107,106,108;,
  3;104,110,109;,
  3;110,104,105;,
  3;105,111,110;,
  3;111,105,107;,
  3;109,100,97;,
  3;100,109,110;,
  3;110,102,100;,
  3;102,110,111;,
  3;112,114,113;,
  3;114,112,115;,
  3;116,118,117;,
  3;118,116,119;,
  3;120,122,121;,
  3;122,120,123;,
  3;120,125,124;,
  3;125,120,121;,
  3;126,125,127;,
  3;125,126,124;,
  3;95,97,86;,
  3;97,95,109;,
  3;86,98,85;,
  3;98,86,97;,
  3;90,103,104;,
  3;103,90,91;,
  3;104,95,90;,
  3;95,104,109;,
  3;128,96,129;,
  3;96,128,93;,
  3;129,130,128;,
  3;130,129,131;,
  3;72,28,25;,
  3;28,72,132;,
  3;9,133,8;,
  3;134,136,135;,
  3;136,134,137;,
  3;81,137,134;,
  3;138,11,139;,
  3;138,10,11;,
  3;138,140,10;,
  3;141,11,142;,
  3;11,141,139;,
  3;128,130,143;,
  3;93,144,92;,
  3;93,143,144;,
  3;93,128,143;,
  3;145,87,146;,
  3;87,145,147;,
  3;74,148,73;,
  3;148,74,149;,
  3;150,147,145;,
  3;7,149,74;,
  3;148,151,73;,
  3;102,152,101;,
  3;152,102,126;,
  3;102,124,126;,
  3;124,102,111;,
  3;111,120,124;,
  3;120,111,107;,
  3;120,108,123;,
  3;108,120,107;,
  3;8,154,153;,
  3;154,8,133;,
  3;153,155,8;,
  3;155,153,156;,
  3;121,113,114;,
  3;113,121,122;,
  3;122,112,113;,
  3;112,122,157;,
  3;158,125,159;,
  3;125,158,127;,
  3;159,121,114;,
  3;121,159,125;,
  3;126,160,152;,
  3;160,126,161;,
  3;162,122,123;,
  3;122,162,163;,
  3;122,164,157;,
  3;164,122,163;,
  3;165,126,127;,
  3;126,165,161;,
  3;161,166,160;,
  3;166,161,167;,
  3;162,117,163;,
  3;117,162,116;,
  3;163,118,164;,
  3;118,163,117;,
  3;165,167,161;,
  3;167,165,168;,
  3;169,171,170;,
  3;171,169,172;,
  3;173,175,174;,
  3;175,173,176;,
  3;177,179,178;,
  3;179,177,173;,
  3;180,179,181;,
  3;179,180,182;,
  3;183,169,170;,
  3;169,183,184;,
  3;175,186,185;,
  3;186,175,176;,
  3;45,187,44;,
  3;187,45,188;,
  3;180,169,182;,
  3;169,180,172;,
  3;19,29,66;,
  3;20,29,19;,
  3;29,30,189;,
  3;30,190,189;,
  3;190,30,33;,
  3;33,191,190;,
  3;191,33,48;,
  3;191,49,192;,
  3;49,191,48;,
  3;192,52,193;,
  3;52,192,49;,
  3;194,170,186;,
  3;170,194,183;,
  3;170,185,186;,
  3;185,170,171;,
  3;186,176,194;,
  3;194,173,177;,
  3;173,194,176;,
  3;179,174,181;,
  3;174,179,173;,
  3;178,182,184;,
  3;182,178,179;,
  3;182,169,184;,
  3;16,17,20;,
  3;17,63,20;,
  3;66,195,65;,
  3;196,198,197;,
  3;198,196,199;,
  3;200,153,154;,
  3;153,200,201;,
  3;202,204,203;,
  3;205,207,206;,
  3;196,209,208;,
  3;209,196,197;,
  3;210,208,211;,
  3;208,210,196;,
  3;212,214,213;,
  3;214,212,215;,
  3;212,213,211;,
  3;201,217,216;,
  3;217,201,200;,
  3;218,220,219;,
  3;220,218,216;,
  3;210,199,196;,
  3;214,205,206;,
  3;221,223,222;,
  3;197,198,224;,
  3;224,226,225;,
  3;226,224,198;,
  3;227,214,206;,
  3;228,229,213;,
  3;229,228,230;,
  3;219,232,231;,
  3;214,228,213;,
  3;156,201,233;,
  3;201,156,153;,
  3;233,216,218;,
  3;216,233,201;,
  3;220,216,234;,
  3;235,220,234;,
  3;236,238,237;,
  3;238,236,239;,
  3;208,240,211;,
  3;240,208,241;,
  3;211,242,212;,
  3;242,211,240;,
  3;243,239,244;,
  3;239,243,238;,
  3;244,236,245;,
  3;236,244,239;,
  3;246,221,222;,
  3;221,246,215;,
  3;221,212,247;,
  3;212,221,215;,
  3;199,248,1;,
  3;248,199,249;,
  3;133,9,250;,
  3;249,210,251;,
  3;210,249,199;,
  3;210,211,251;,
  3;252,2,253;,
  3;2,252,1;,
  3;19,254,18;,
  3;254,19,64;,
  3;23,68,13;,
  3;68,23,255;,
  3;68,256,70;,
  3;256,68,255;,
  3;256,36,70;,
  3;36,256,257;,
  3;258,1,252;,
  3;1,258,199;,
  3;257,259,36;,
  3;36,259,35;,
  3;260,203,261;,
  3;203,260,202;,
  3;262,263,222;,
  3;263,262,264;,
  3;198,258,226;,
  3;258,198,199;,
  3;265,204,227;,
  3;265,206,266;,
  3;206,265,227;,
  3;222,267,246;,
  3;267,222,263;,
  3;89,87,147;,
  3;82,83,84;,
  3;78,16,18;,
  3;16,78,75;,
  3;75,15,16;,
  3;15,75,76;,
  3;15,71,14;,
  3;71,15,76;,
  3;14,268,24;,
  3;268,14,71;,
  3;248,269,1;,
  3;1,269,0;,
  3;135,129,134;,
  3;129,135,131;,
  3;134,96,81;,
  3;96,134,129;,
  3;96,83,81;,
  3;94,96,93;,
  3;29,189,66;,
  3;205,215,246;,
  3;267,205,246;,
  3;205,267,207;,
  3;205,214,215;,
  3;187,188,270;,
  3;224,272,271;,
  3;223,221,209;,
  3;224,223,197;,
  3;271,273,262;,
  3;273,271,272;,
  3;263,275,274;,
  3;273,276,262;,
  3;277,272,278;,
  3;272,277,273;,
  3;223,271,262;,
  3;271,223,224;,
  3;223,209,197;,
  3;208,221,247;,
  3;221,208,209;,
  3;222,223,262;,
  3;266,207,279;,
  3;207,266,206;,
  3;207,280,279;,
  3;280,207,267;,
  3;280,263,274;,
  3;263,280,267;,
  3;264,262,276;,
  3;76,73,72;,
  3;138,281,140;,
  3;73,132,72;,
  3;132,73,151;,
  3;72,71,76;,
  3;272,225,278;,
  3;155,11,8;,
  3;276,277,282;,
  3;277,276,273;,
  3;275,276,282;,
  3;276,275,264;,
  3;28,141,27;,
  3;141,28,139;,
  3;139,132,138;,
  3;132,139,28;,
  3;132,281,138;,
  3;281,132,151;,
  3;281,148,283;,
  3;148,281,151;,
  3;283,149,284;,
  3;149,283,148;,
  3;7,284,149;,
  3;284,7,4;,
  3;6,79,22;,
  3;79,6,77;,
  3;77,7,74;,
  3;7,77,6;,
  3;5,3,4;,
  3;3,5,2;,
  3;285,137,82;,
  3;137,285,136;,
  3;137,81,82;,
  3;92,146,87;,
  3;146,92,144;,
  3;2,21,253;,
  3;21,2,5;,
  3;286,213,229;,
  3;251,211,286;,
  3;213,286,211;,
  3;234,216,217;,
  3;227,202,228;,
  3;202,230,228;,
  3;230,202,260;,
  3;232,220,235;,
  3;228,214,227;,
  3;26,71,25;,
  3;71,26,268;,
  3;155,142,11;,
  3;18,80,78;,
  3;80,18,254;,
  3;272,224,225;,
  3;275,263,264;,
  3;202,227,204;,
  3;232,219,220;,
  3;287,289,288;,
  3;289,287,290;,
  3;291,288,292;,
  3;288,291,287;,
  3;293,292,294;,
  3;292,293,291;,
  3;295,294,296;,
  3;294,295,293;,
  3;296,297,295;,
  3;298,290,299;,
  3;290,298,289;,
  3;300,302,301;,
  3;302,300,303;,
  3;304,300,305;,
  3;300,304,303;,
  3;306,305,307;,
  3;305,306,304;,
  3;308,306,307;,
  3;306,308,309;,
  3;308,310,309;,
  3;145,146,311;,
  3;312,314,313;,
  3;314,312,315;,
  3;316,318,317;,
  3;318,316,319;,
  3;320,322,321;,
  3;322,320,323;,
  3;324,326,325;,
  3;326,324,327;,
  3;328,324,325;,
  3;324,328,329;,
  3;330,331,328;,
  3;331,330,332;,
  3;319,22,318;,
  3;22,319,21;,
  3;327,333,326;,
  3;333,327,334;,
  3;335,337,336;,
  3;337,335,338;,
  3;339,341,340;,
  3;341,339,342;,
  3;341,344,343;,
  3;344,341,342;,
  3;345,347,346;,
  3;347,345,348;,
  3;346,350,349;,
  3;350,346,347;,
  3;348,351,347;,
  3;351,348,352;,
  3;347,353,350;,
  3;353,347,351;,
  3;352,341,351;,
  3;341,352,340;,
  3;351,343,353;,
  3;343,351,341;,
  3;354,356,355;,
  3;356,354,357;,
  3;358,360,359;,
  3;360,358,361;,
  3;361,362,360;,
  3;362,361,363;,
  3;364,366,365;,
  3;366,364,367;,
  3;365,369,368;,
  3;369,365,366;,
  3;367,370,366;,
  3;370,367,371;,
